---
layout: post
title: Julia is Wonderful
---

#This is a test notebook


a = rand(5,5)




5x5 Array{Float64,2}:
0.510471   0.187971  0.287085  0.685775   0.188523   
0.0997442  0.293972  0.694284  0.0355931  0.350389   
0.0140998  0.477324  0.140156  0.853488   0.0191465  
0.556011   0.762414  0.963228  0.761958   0.000313332
0.340143   0.559434  0.628314  0.0697235  0.447117   




b = rand(5,5)




    5x5 Array{Float64,2}:
     0.598041   0.186849  0.6796    0.879476  0.499632
     0.0160653  0.841448  0.556883  0.728725  0.606046
     0.106931   0.492147  0.69619   0.058845  0.212956
     0.817466   0.430276  0.331746  0.730611  0.871453
     0.793629   0.485645  0.504908  0.191412  0.285713




    @time c = a * b

      




    5x5 Array{Float64,2}:
     1.04922   0.781464  0.97415  1.13994   1.08159 
     0.44579   0.793169  0.90357  0.435876  0.506976
     0.74398   0.849789  0.66578  0.995718  1.07542 
     1.07089   1.54748   1.72597  1.65802   1.60908 
     0.691434  1.09065   1.22901  0.880318  0.8313  



    0.000026 seconds (156 allocations: 42.448 KB)



    
